

--- Page 1 ---
ALL INDIA INSTALLED CAPACITY (IN MW) OF POWER STATIONS
(As on 30.09.2025)
(UTILITIES)
Mode wise breakup
Region Ownership/ Sector Thermal Nuclear Renewable Grand Total
Coal Lignite Gas Diesel Total Hydro RES*(MNRE) Total
State 21505.00 250.00 2703.90 0.00 24458.90 0.00 6108.24 786.00 6894.24 31353.14
Northern Region Private 22084.33 1080.00 664.00 0.00 23828.33 0.00 3481.00 48652.00 52133.00 75961.33
Central 17028.62 250.00 2344.06 0.00 19622.68 2220.00 12649.47 5033.19 17682.66 39525.34
Sub Total 60617.95 1580.00 5711.96 0.00 67909.91 2220.00 22238.71 54471.19 76709.90 146839.81
State 21120.00 900.00 2693.72 0.00 24713.72 0.00 5446.50 650.79 6097.29 30811.01
Western Region Private 30817.17 500.00 3425.00 0.00 34742.17 0.00 481.00 71236.43 71717.43 106459.60
Central 21680.13 0.00 3280.67 0.00 24960.80 3240.00 1768.04 2381.19 4149.23 32350.03
Sub Total 73617.30 1400.00 9399.39 0.00 84416.69 3240.00 7695.54 74268.41 81963.95 169620.64
State 23792.50 0.00 1162.03 159.96 25114.49 0.00 11927.48 637.08 12564.56 37679.05
Southern Region Private 14336.00 250.00 1834.50 273.70 16694.21 0.00 1440.00 62605.64 64045.64 80739.84
Central 13867.03 3390.00 359.58 0.00 17616.61 3320.00 0.00 1804.46 1804.46 22741.08
Sub Total 51995.53 3640.00 3356.11 433.66 59425.31 3320.00 13367.48 65047.18 78414.66 141159.97
State 6970.00 0.00 0.00 0.00 6970.00 0.00 3550.22 274.11 3824.33 10794.33
Eastern Region Private 5723.00 0.00 0.00 0.00 5723.00 0.00 209.00 2308.83 2517.83 8240.83
Central 17292.20 0.00 0.00 0.00 17292.20 0.00 1103.20 38.10 1141.30 18433.50
Sub Total 29985.20 0.00 0.00 0.00 29985.20 0.00 4862.42 2621.04 7483.46 37468.66
State 0.00 0.00 411.36 36.00 447.36 0.00 422.00 276.25 698.25 1145.61
North Eastern Private 0.00 0.00 0.00 0.00 0.00 0.00 0.00 441.24 441.24 441.24
Region Central 1242.02 0.00 1253.60 0.00 2495.62 0.00 1522.01 32.99 1555.00 4050.62
Sub Total 1242.02 0.00 1664.96 36.00 2942.98 0.00 1944.01 750.48 2694.49 5637.47
State 0.00 0.00 0.00 84.35 84.35 0.00 0.00 5.25 5.25 89.60
Islands Private 0.00 0.00 0.00 35.19 35.19 0.00 0.00 32.89 32.89 68.08
Central 0.00 0.00 0.00 0.00 0.00 0.00 0.00 5.00 5.00 5.00
Sub Total 0.00 0.00 0.00 119.54 119.54 0.00 0.00 43.14 43.14 162.68
State 73387.50 1150.00 6971.01 280.31 81788.82 0.00 27454.44 2629.48 30083.92 111872.74
ALL INDIA Private 72960.50 1830.00 5923.50 308.89 81022.90 0.00 5611.00 185277.03 190888.03 271910.92
Central 71110.00 3640.00 7237.91 0.00 81987.91 8780.00 17042.72 9294.94 26337.66 117105.57
Total 217458.00 6620.00 20132.42 589.20 244799.62 8780.00 50108.16 197201.44 247309.60 500889.22
Figures at decimal may not tally due to rounding off
Abbreviation:- SHP=Small Hydro Project (≤ 25 MW), BP=Biomass Power, U&I=Urban & Industrial Waste Power, RES=Renewable Energy Sources
Note : - 1. RES include SHP, BP, U&I, Solar and Wind Energy. Installed capacity in respect of RES (MNRE) as on 30.09.2025
(As per latest information available with MNRE)
*Break up of RES all India as on 30.09.2025 is given below (in MW) :
Hyd S ro m P a o ll wer Wind Power BM Power/Cogen. Bio-Power Waste to Energy# Solar Power$ Ca T p o a t c a i l t y
5133.61 53123.80 10757.31 854.45 127332.27 197201.44
# Includes Waste to Energy and Waste to Energy (Off-grid)
$ Includes Ground Mounted Solar, Rooftop Solar, Hybrid Solar Comp. and Off-grid Solar/ KUSUM
A. Capacity Added during Sep, 2025 660 MW
Coal 660MW
Hydro 0 MW
B. Capacity Retired during Sep, 2025 0 MW
C. Net Conv. Capacity Added during Sep, 2025 A-B 660 MW
D. Net RES Capacity Added during Sep, 2025 4683.84 MW
E. Net Capacity Added during Sep, 2025 C+D 5343.84 MW
*Off-grid RES Capacity has been included from August-2021 onwards
Sector wise breakup of RES capacity as shown is provisional.
Allocation from central sector stations has been updated till 30.09.2025.
Share from private sector generating stations has been updated as per latest information available.
Coal based Capacity of 1995 MW, Gas based Capacity of 4400.84 MW and Nuclear Capacity of 100 MW, which is under outage for very long time,
have been removed temporarily w.e.f. 31.05.2025. Whenever, any generating unit, out of these, starts generating again, shall intimate to OPM
division of CEA about the restoration, then that unit shall be added back.
THDC's KHURJA STPP, Unit-2 (660 MW) has been added w.e.f. 22.09.2025.

[TABLE - Page 1]
Region | Ownership/ Sector | Mode wise breakup |  |  |  |  |  |  |  |  | Grand Total
 |  | Thermal |  |  |  |  | Nuclear | Renewable |  |  | 
 |  | Coal | Lignite | Gas | Diesel | Total |  | Hydro | RES*(MNRE) | Total | 
 | State | 21505.00 | 250.00 | 2703.90 | 0.00 | 24458.90 | 0.00 | 6108.24 | 786.00 | 6894.24 | 31353.14
 | Private | 22084.33 | 1080.00 | 664.00 | 0.00 | 23828.33 | 0.00 | 3481.00 | 48652.00 | 52133.00 | 75961.33
Northern Region | Central | 17028.62 | 250.00 | 2344.06 | 0.00 | 19622.68 | 2220.00 | 12649.47 | 5033.19 | 17682.66 | 39525.34
 | Sub Total | 60617.95 | 1580.00 | 5711.96 | 0.00 | 67909.91 | 2220.00 | 22238.71 | 54471.19 | 76709.90 | 146839.81
 | State | 21120.00 | 900.00 | 2693.72 | 0.00 | 24713.72 | 0.00 | 5446.50 | 650.79 | 6097.29 | 30811.01
 | Private | 30817.17 | 500.00 | 3425.00 | 0.00 | 34742.17 | 0.00 | 481.00 | 71236.43 | 71717.43 | 106459.60
Western Region | Central | 21680.13 | 0.00 | 3280.67 | 0.00 | 24960.80 | 3240.00 | 1768.04 | 2381.19 | 4149.23 | 32350.03
 | Sub Total | 73617.30 | 1400.00 | 9399.39 | 0.00 | 84416.69 | 3240.00 | 7695.54 | 74268.41 | 81963.95 | 169620.64
 | State | 23792.50 | 0.00 | 1162.03 | 159.96 | 25114.49 | 0.00 | 11927.48 | 637.08 | 12564.56 | 37679.05
 | Private | 14336.00 | 250.00 | 1834.50 | 273.70 | 16694.21 | 0.00 | 1440.00 | 62605.64 | 64045.64 | 80739.84
Southern Region | Central | 13867.03 | 3390.00 | 359.58 | 0.00 | 17616.61 | 3320.00 | 0.00 | 1804.46 | 1804.46 | 22741.08
 | Sub Total | 51995.53 | 3640.00 | 3356.11 | 433.66 | 59425.31 | 3320.00 | 13367.48 | 65047.18 | 78414.66 | 141159.97
 | State | 6970.00 | 0.00 | 0.00 | 0.00 | 6970.00 | 0.00 | 3550.22 | 274.11 | 3824.33 | 10794.33
 | Private | 5723.00 | 0.00 | 0.00 | 0.00 | 5723.00 | 0.00 | 209.00 | 2308.83 | 2517.83 | 8240.83
Eastern Region | Central | 17292.20 | 0.00 | 0.00 | 0.00 | 17292.20 | 0.00 | 1103.20 | 38.10 | 1141.30 | 18433.50
 | Sub Total | 29985.20 | 0.00 | 0.00 | 0.00 | 29985.20 | 0.00 | 4862.42 | 2621.04 | 7483.46 | 37468.66
 | State | 0.00 | 0.00 | 411.36 | 36.00 | 447.36 | 0.00 | 422.00 | 276.25 | 698.25 | 1145.61
North Eastern | Private | 0.00 | 0.00 | 0.00 | 0.00 | 0.00 | 0.00 | 0.00 | 441.24 | 441.24 | 441.24
Region | Central | 1242.02 | 0.00 | 1253.60 | 0.00 | 2495.62 | 0.00 | 1522.01 | 32.99 | 1555.00 | 4050.62
 | Sub Total | 1242.02 | 0.00 | 1664.96 | 36.00 | 2942.98 | 0.00 | 1944.01 | 750.48 | 2694.49 | 5637.47
 | State | 0.00 | 0.00 | 0.00 | 84.35 | 84.35 | 0.00 | 0.00 | 5.25 | 5.25 | 89.60
 | Private | 0.00 | 0.00 | 0.00 | 35.19 | 35.19 | 0.00 | 0.00 | 32.89 | 32.89 | 68.08
Islands | Central | 0.00 | 0.00 | 0.00 | 0.00 | 0.00 | 0.00 | 0.00 | 5.00 | 5.00 | 5.00
 | Sub Total | 0.00 | 0.00 | 0.00 | 119.54 | 119.54 | 0.00 | 0.00 | 43.14 | 43.14 | 162.68
 | State | 73387.50 | 1150.00 | 6971.01 | 280.31 | 81788.82 | 0.00 | 27454.44 | 2629.48 | 30083.92 | 111872.74
 | Private | 72960.50 | 1830.00 | 5923.50 | 308.89 | 81022.90 | 0.00 | 5611.00 | 185277.03 | 190888.03 | 271910.92
ALL INDIA | Central | 71110.00 | 3640.00 | 7237.91 | 0.00 | 81987.91 | 8780.00 | 17042.72 | 9294.94 | 26337.66 | 117105.57
 | Total | 217458.00 | 6620.00 | 20132.42 | 589.20 | 244799.62 | 8780.00 | 50108.16 | 197201.44 | 247309.60 | 500889.22


[TABLE - Page 1]
Small | Wind Power | Bio-Power |  | $ | Total
Hydro Power |  | BM Power/Cogen. | Waste to Energy# | Solar Power | Capacity
5133.61 | 53123.80 | 10757.31 | 854.45 | 127332.27 | 197201.44


[TABLE - Page 1]
Capacity Added during Sep, 2025 | 660 MW


[TABLE - Page 1]
Capacity Retired during Sep, 2025 | 0 MW


[TABLE - Page 1]
Net Conv. Capacity Added during | Sep, 2025 | A-B | 660 MW


[TABLE - Page 1]
Net RES Capacity Added during | Sep, 2025 |  | 4683.84 MW


[TABLE - Page 1]
Net Capacity Added during | Sep, 2025 | C+D | 5343.84 MW


--- Page 2 ---
INSTALLED CAPACITY (IN MW) OF POWER UTILITIES IN THE STATES/UTS LOCATED IN
NORTHERN REGION
INCLUDING ALLOCATED SHARES IN JOINT & CENTRAL SECTOR UTILITIES
(As on 30.09.2025)
Mode wise breakup
Thermal Renewable
State Ownership/ Sector Nuclear Grand Total
Coal Lignite Gas Diesel Total Hydro RES*(MNRE) Total
State 0.00 0.00 1800.40 0.00 1800.40 0.00 0.00 0.00 0.00 1800.40
Delhi Private 878.22 0.00 0.00 0.00 878.22 0.00 0.00 450.70 450.70 1328.92
Central 2771.27 0.00 207.01 0.00 2978.29 153.38 970.05 0.30 970.35 4102.02
Sub-Total 3649.49 0.00 2007.41 0.00 5656.91 153.38 970.05 451.00 1421.05 7231.34
State 2510.00 0.00 150.00 0.00 2660.00 0.00 200.00 69.30 269.30 2929.30
Haryana Private 4561.78 0.00 0.00 0.00 4561.78 0.00 539.00 2595.87 3134.87 7696.65
Central 1566.60 0.00 431.59 0.00 1998.19 123.04 1710.73 5.00 1715.73 3836.96
Sub-Total 8638.38 0.00 581.59 0.00 9219.97 123.04 2449.73 2670.17 5119.90 14462.91
State 0.00 0.00 0.00 0.00 0.00 0.00 905.59 287.61 1193.20 1193.20
Himachal Pradesh Private 0.00 0.00 0.00 0.00 0.00 0.00 1459.40 1032.59 2491.99 2491.99
Central 144.67 0.00 0.00 0.00 144.67 42.22 1341.88 1.00 1342.88 1529.78
Sub-Total 144.67 0.00 0.00 0.00 144.67 42.22 3706.87 1321.20 5028.07 5214.97
State 0.00 0.00 0.00 0.00 0.00 0.00 1230.00 171.47 1401.47 1401.47
Jammu a & n d K ashmir Private 0.00 0.00 0.00 0.00 0.00 0.00 0.00 153.91 153.91 153.91
Ladakh Central 577.14 0.00 129.07 0.00 706.22 95.13 1115.88 0.00 1115.88 1917.23
Sub-Total 577.14 0.00 129.07 0.00 706.22 95.13 2345.88 325.38 2671.26 3472.61
State 2300.00 0.00 150.00 0.00 2450.00 0.00 1243.40 127.80 1371.20 3821.20
Punjab Private 4474.00 0.00 0.00 0.00 4474.00 0.00 288.00 2152.65 2440.65 6914.65
Central 1440.00 0.00 0.00 0.00 1440.00 229.09 2296.04 0.00 2296.04 3965.13
Sub-Total 8214.00 0.00 150.00 0.00 8364.00 229.09 3827.44 2280.45 6107.89 14700.98
State 7580.00 250.00 603.50 0.00 8433.50 0.00 433.00 23.85 456.85 8890.35
Rajasthan Private 3257.00 1080.00 0.00 0.00 4337.00 0.00 104.00 35514.55 35618.55 39955.55
Central 1927.28 250.00 171.13 0.00 2348.40 806.74 1568.67 4457.59 6026.26 9181.40
Sub-Total 12764.28 1580.00 774.63 0.00 15118.90 806.74 2105.67 39995.99 42101.66 58027.30
State 9115.00 0.00 0.00 0.00 9115.00 0.00 724.10 18.60 742.70 9857.70
Uttar Pradesh Private 8814.33 0.00 0.00 0.00 8814.33 0.00 842.40 5541.67 6384.07 15198.40
Central 6392.46 0.00 1029.51 0.00 7421.97 370.45 2017.52 567.06 2584.58 10377.00
Sub-Total 24321.79 0.00 1029.51 0.00 25351.30 370.45 3584.02 6127.33 9711.35 35433.10
State 0.00 0.00 0.00 0.00 0.00 0.00 1372.15 87.37 1459.52 1459.52
Uttarakhand Private 99.00 0.00 664.00 0.00 763.00 0.00 248.20 1131.21 1379.41 2142.41
Central 554.58 0.00 69.66 0.00 624.24 47.51 653.54 2.24 655.78 1327.52
Sub-Total 653.58 0.00 733.66 0.00 1387.24 47.51 2273.89 1220.82 3494.71 4929.45
State 0.00 0.00 0.00 0.00 0.00 0.00 0.00 0.00 0.00 0.00
Chandigarh Private 0.00 0.00 0.00 0.00 0.00 0.00 0.00 78.85 78.85 78.85
Central 44.83 0.00 15.03 0.00 59.86 10.41 103.71 0.00 103.71 173.97
Sub-Total 44.83 0.00 15.03 0.00 59.86 10.41 103.71 78.85 182.56 252.82
Central - Unallocated 1609.79 0.00 291.05 0.00 1900.84 342.03 871.45 0.00 871.45 3114.33
State 21505.00 250.00 2703.90 0.00 24458.90 0.00 6108.24 786.00 6894.24 31353.14
Total (Northern Private 22084.33 1080.00 664.00 0.00 23828.33 0.00 3481.00 48652.00 52133.00 75961.33
Region) Central 17028.62 250.00 2344.06 0.00 19622.68 2220.00 12649.47 5033.19 17682.66 39525.34
Grand Total 60617.95 1580.00 5711.96 0.00 67909.91 2220.00 22238.71 54471.19 76709.90 146839.81

[TABLE - Page 2]
State | Ownership/ Sector | Mode wise breakup |  |  |  |  |  |  |  |  | Grand Total
 |  | Thermal |  |  |  |  | Nuclear | Renewable |  |  | 
 |  | Coal | Lignite | Gas | Diesel | Total |  | Hydro | RES*(MNRE) | Total | 
 | State | 0.00 | 0.00 | 1800.40 | 0.00 | 1800.40 | 0.00 | 0.00 | 0.00 | 0.00 | 1800.40
 | Private | 878.22 | 0.00 | 0.00 | 0.00 | 878.22 | 0.00 | 0.00 | 450.70 | 450.70 | 1328.92
Delhi | Central | 2771.27 | 0.00 | 207.01 | 0.00 | 2978.29 | 153.38 | 970.05 | 0.30 | 970.35 | 4102.02
 | Sub-Total | 3649.49 | 0.00 | 2007.41 | 0.00 | 5656.91 | 153.38 | 970.05 | 451.00 | 1421.05 | 7231.34
 | State | 2510.00 | 0.00 | 150.00 | 0.00 | 2660.00 | 0.00 | 200.00 | 69.30 | 269.30 | 2929.30
 | Private | 4561.78 | 0.00 | 0.00 | 0.00 | 4561.78 | 0.00 | 539.00 | 2595.87 | 3134.87 | 7696.65
Haryana | Central | 1566.60 | 0.00 | 431.59 | 0.00 | 1998.19 | 123.04 | 1710.73 | 5.00 | 1715.73 | 3836.96
 | Sub-Total | 8638.38 | 0.00 | 581.59 | 0.00 | 9219.97 | 123.04 | 2449.73 | 2670.17 | 5119.90 | 14462.91
 | State | 0.00 | 0.00 | 0.00 | 0.00 | 0.00 | 0.00 | 905.59 | 287.61 | 1193.20 | 1193.20
 | Private | 0.00 | 0.00 | 0.00 | 0.00 | 0.00 | 0.00 | 1459.40 | 1032.59 | 2491.99 | 2491.99
Himachal Pradesh | Central | 144.67 | 0.00 | 0.00 | 0.00 | 144.67 | 42.22 | 1341.88 | 1.00 | 1342.88 | 1529.78
 | Sub-Total | 144.67 | 0.00 | 0.00 | 0.00 | 144.67 | 42.22 | 3706.87 | 1321.20 | 5028.07 | 5214.97
 | State | 0.00 | 0.00 | 0.00 | 0.00 | 0.00 | 0.00 | 1230.00 | 171.47 | 1401.47 | 1401.47
Jammu & Kashmir | Private | 0.00 | 0.00 | 0.00 | 0.00 | 0.00 | 0.00 | 0.00 | 153.91 | 153.91 | 153.91
and
Ladakh | Central | 577.14 | 0.00 | 129.07 | 0.00 | 706.22 | 95.13 | 1115.88 | 0.00 | 1115.88 | 1917.23
 | Sub-Total | 577.14 | 0.00 | 129.07 | 0.00 | 706.22 | 95.13 | 2345.88 | 325.38 | 2671.26 | 3472.61
 | State | 2300.00 | 0.00 | 150.00 | 0.00 | 2450.00 | 0.00 | 1243.40 | 127.80 | 1371.20 | 3821.20
 | Private | 4474.00 | 0.00 | 0.00 | 0.00 | 4474.00 | 0.00 | 288.00 | 2152.65 | 2440.65 | 6914.65
Punjab | Central | 1440.00 | 0.00 | 0.00 | 0.00 | 1440.00 | 229.09 | 2296.04 | 0.00 | 2296.04 | 3965.13
 | Sub-Total | 8214.00 | 0.00 | 150.00 | 0.00 | 8364.00 | 229.09 | 3827.44 | 2280.45 | 6107.89 | 14700.98
 | State | 7580.00 | 250.00 | 603.50 | 0.00 | 8433.50 | 0.00 | 433.00 | 23.85 | 456.85 | 8890.35
 | Private | 3257.00 | 1080.00 | 0.00 | 0.00 | 4337.00 | 0.00 | 104.00 | 35514.55 | 35618.55 | 39955.55
Rajasthan | Central | 1927.28 | 250.00 | 171.13 | 0.00 | 2348.40 | 806.74 | 1568.67 | 4457.59 | 6026.26 | 9181.40
 | Sub-Total | 12764.28 | 1580.00 | 774.63 | 0.00 | 15118.90 | 806.74 | 2105.67 | 39995.99 | 42101.66 | 58027.30
 | State | 9115.00 | 0.00 | 0.00 | 0.00 | 9115.00 | 0.00 | 724.10 | 18.60 | 742.70 | 9857.70
 | Private | 8814.33 | 0.00 | 0.00 | 0.00 | 8814.33 | 0.00 | 842.40 | 5541.67 | 6384.07 | 15198.40
Uttar Pradesh | Central | 6392.46 | 0.00 | 1029.51 | 0.00 | 7421.97 | 370.45 | 2017.52 | 567.06 | 2584.58 | 10377.00
 | Sub-Total | 24321.79 | 0.00 | 1029.51 | 0.00 | 25351.30 | 370.45 | 3584.02 | 6127.33 | 9711.35 | 35433.10
 | State | 0.00 | 0.00 | 0.00 | 0.00 | 0.00 | 0.00 | 1372.15 | 87.37 | 1459.52 | 1459.52
 | Private | 99.00 | 0.00 | 664.00 | 0.00 | 763.00 | 0.00 | 248.20 | 1131.21 | 1379.41 | 2142.41
Uttarakhand | Central | 554.58 | 0.00 | 69.66 | 0.00 | 624.24 | 47.51 | 653.54 | 2.24 | 655.78 | 1327.52
 | Sub-Total | 653.58 | 0.00 | 733.66 | 0.00 | 1387.24 | 47.51 | 2273.89 | 1220.82 | 3494.71 | 4929.45
 | State | 0.00 | 0.00 | 0.00 | 0.00 | 0.00 | 0.00 | 0.00 | 0.00 | 0.00 | 0.00
 | Private | 0.00 | 0.00 | 0.00 | 0.00 | 0.00 | 0.00 | 0.00 | 78.85 | 78.85 | 78.85
Chandigarh | Central | 44.83 | 0.00 | 15.03 | 0.00 | 59.86 | 10.41 | 103.71 | 0.00 | 103.71 | 173.97
 | Sub-Total | 44.83 | 0.00 | 15.03 | 0.00 | 59.86 | 10.41 | 103.71 | 78.85 | 182.56 | 252.82
Central - Unallocated |  | 1609.79 | 0.00 | 291.05 | 0.00 | 1900.84 | 342.03 | 871.45 | 0.00 | 871.45 | 3114.33
 | State | 21505.00 | 250.00 | 2703.90 | 0.00 | 24458.90 | 0.00 | 6108.24 | 786.00 | 6894.24 | 31353.14
Total (Northern | Private | 22084.33 | 1080.00 | 664.00 | 0.00 | 23828.33 | 0.00 | 3481.00 | 48652.00 | 52133.00 | 75961.33
Region) | Central | 17028.62 | 250.00 | 2344.06 | 0.00 | 19622.68 | 2220.00 | 12649.47 | 5033.19 | 17682.66 | 39525.34
 | Grand Total | 60617.95 | 1580.00 | 5711.96 | 0.00 | 67909.91 | 2220.00 | 22238.71 | 54471.19 | 76709.90 | 146839.81


--- Page 3 ---
INSTALLED CAPACITY (IN MW) OF POWER UTILITIES IN THE STATES/UTS LOCATED IN
WESTERN REGION
INCLUDING ALLOCATED SHARES IN JOINT & CENTRAL SECTOR UTILITIES
(As on 30.09.2025)
Mode wise breakup
State Ownership/ Sector Thermal Nuclear Renewable Grand Total
Coal Lignite Gas Diesel Total Hydro RES*(MNRE) Total
State 0.00 0.00 0.00 0.00 0.00 0.00 0.00 0.05 0.05 0.05
Goa Private 0.00 0.00 0.00 0.00 0.00 0.00 0.00 67.78 67.78 67.78
Central 492.29 0.00 19.67 0.00 511.96 41.68 2.00 1.00 3.00 556.64
Sub-Total 492.29 0.00 19.67 0.00 511.96 41.68 2.00 68.83 70.83 624.47
State 4510.00 900.00 2021.72 0.00 7431.72 0.00 772.00 116.70 888.70 8320.42
Gujarat Private 7144.67 500.00 3170.00 0.00 10814.67 0.00 0.00 36464.94 36464.94 47279.61
Central 5574.10 0.00 424.00 0.00 5998.10 1034.89 92.04 1448.13 1540.17 8573.16
Sub-Total 17228.77 1400.00 5615.72 0.00 24244.49 1034.89 864.04 38029.77 38893.81 64173.19
State 4570.00 0.00 0.00 0.00 4570.00 0.00 1703.66 107.96 1811.62 6381.62
Madhya Pradesh Private 5744.00 0.00 75.00 0.00 5819.00 0.00 0.00 8426.93 8426.93 14245.93
Central 4818.59 0.00 257.00 0.00 5075.59 491.98 1520.00 874.20 2394.20 7961.77
Sub-Total 15132.59 0.00 332.00 0.00 15464.59 491.98 3223.66 9409.09 12632.75 28589.32
State 1840.00 0.00 0.00 0.00 1840.00 0.00 120.00 35.95 155.95 1995.95
Chhattisgarh Private 8072.50 0.00 0.00 0.00 8072.50 0.00 0.00 1964.03 1964.03 10036.53
Central 2714.35 0.00 0.00 0.00 2714.35 135.57 154.00 0.00 154.00 3003.92
Sub-Total 12626.85 0.00 0.00 0.00 12626.85 135.57 274.00 1999.98 2273.98 15036.40
State 10200.00 0.00 672.00 0.00 10872.00 0.00 2850.84 390.13 3240.97 14112.97
Maharashtra Private 9656.00 0.00 180.00 0.00 9836.00 0.00 481.00 24179.60 24660.60 34496.60
Central 4858.29 0.00 2272.73 0.00 7131.02 1068.66 0.00 57.86 57.86 8257.54
Sub-Total 24714.29 0.00 3124.73 0.00 27839.02 1068.66 3331.84 24627.59 27959.43 56867.11
State 0.00 0.00 0.00 0.00 0.00 0.00 0.00 0.00 0.00 0.00
H D a a v d e r l a i a a n n d d D N a a m ga a r n Private 200.00 0.00 0.00 0.00 200.00 0.00 0.00 133.15 133.15 333.15
and Diu Central 387.07 0.00 109.68 0.00 496.75 29.22 0.00 0.00 0.00 525.97
Sub-Total 587.07 0.00 109.68 0.00 696.75 29.22 0.00 133.15 133.15 859.12
Central - Unallocated 2835.45 0.00 197.59 0.00 3033.04 438.00 0.00 0.00 0.00 3471.04
State 21120.00 900.00 2693.72 0.00 24713.72 0.00 5446.50 650.79 6097.29 30811.01
Total (Western Private 30817.17 500.00 3425.00 0.00 34742.17 0.00 481.00 71236.43 71717.43 106459.60
Region) Central 21680.13 0.00 3280.67 0.00 24960.80 3240.00 1768.04 2381.19 4149.23 32350.03
Grand Total 73617.30 1400.00 9399.39 0.00 84416.69 3240.00 7695.54 74268.41 81963.95 169620.64

[TABLE - Page 3]
State | Ownership/ Sector | Mode wise breakup |  |  |  |  |  |  |  |  | Grand Total
 |  | Thermal |  |  |  |  | Nuclear | Renewable |  |  | 
 |  | Coal | Lignite | Gas | Diesel | Total |  | Hydro | RES*(MNRE) | Total | 
 | State | 0.00 | 0.00 | 0.00 | 0.00 | 0.00 | 0.00 | 0.00 | 0.05 | 0.05 | 0.05
 | Private | 0.00 | 0.00 | 0.00 | 0.00 | 0.00 | 0.00 | 0.00 | 67.78 | 67.78 | 67.78
Goa | Central | 492.29 | 0.00 | 19.67 | 0.00 | 511.96 | 41.68 | 2.00 | 1.00 | 3.00 | 556.64
 | Sub-Total | 492.29 | 0.00 | 19.67 | 0.00 | 511.96 | 41.68 | 2.00 | 68.83 | 70.83 | 624.47
 | State | 4510.00 | 900.00 | 2021.72 | 0.00 | 7431.72 | 0.00 | 772.00 | 116.70 | 888.70 | 8320.42
 | Private | 7144.67 | 500.00 | 3170.00 | 0.00 | 10814.67 | 0.00 | 0.00 | 36464.94 | 36464.94 | 47279.61
Gujarat | Central | 5574.10 | 0.00 | 424.00 | 0.00 | 5998.10 | 1034.89 | 92.04 | 1448.13 | 1540.17 | 8573.16
 | Sub-Total | 17228.77 | 1400.00 | 5615.72 | 0.00 | 24244.49 | 1034.89 | 864.04 | 38029.77 | 38893.81 | 64173.19
 | State | 4570.00 | 0.00 | 0.00 | 0.00 | 4570.00 | 0.00 | 1703.66 | 107.96 | 1811.62 | 6381.62
 | Private | 5744.00 | 0.00 | 75.00 | 0.00 | 5819.00 | 0.00 | 0.00 | 8426.93 | 8426.93 | 14245.93
Madhya Pradesh | Central | 4818.59 | 0.00 | 257.00 | 0.00 | 5075.59 | 491.98 | 1520.00 | 874.20 | 2394.20 | 7961.77
 | Sub-Total | 15132.59 | 0.00 | 332.00 | 0.00 | 15464.59 | 491.98 | 3223.66 | 9409.09 | 12632.75 | 28589.32
 | State | 1840.00 | 0.00 | 0.00 | 0.00 | 1840.00 | 0.00 | 120.00 | 35.95 | 155.95 | 1995.95
 | Private | 8072.50 | 0.00 | 0.00 | 0.00 | 8072.50 | 0.00 | 0.00 | 1964.03 | 1964.03 | 10036.53
Chhattisgarh | Central | 2714.35 | 0.00 | 0.00 | 0.00 | 2714.35 | 135.57 | 154.00 | 0.00 | 154.00 | 3003.92
 | Sub-Total | 12626.85 | 0.00 | 0.00 | 0.00 | 12626.85 | 135.57 | 274.00 | 1999.98 | 2273.98 | 15036.40
 | State | 10200.00 | 0.00 | 672.00 | 0.00 | 10872.00 | 0.00 | 2850.84 | 390.13 | 3240.97 | 14112.97
 | Private | 9656.00 | 0.00 | 180.00 | 0.00 | 9836.00 | 0.00 | 481.00 | 24179.60 | 24660.60 | 34496.60
Maharashtra | Central | 4858.29 | 0.00 | 2272.73 | 0.00 | 7131.02 | 1068.66 | 0.00 | 57.86 | 57.86 | 8257.54
 | Sub-Total | 24714.29 | 0.00 | 3124.73 | 0.00 | 27839.02 | 1068.66 | 3331.84 | 24627.59 | 27959.43 | 56867.11
 | State | 0.00 | 0.00 | 0.00 | 0.00 | 0.00 | 0.00 | 0.00 | 0.00 | 0.00 | 0.00
Dadra and Nagar | Private | 200.00 | 0.00 | 0.00 | 0.00 | 200.00 | 0.00 | 0.00 | 133.15 | 133.15 | 333.15
Haveli and Daman
and Diu | Central | 387.07 | 0.00 | 109.68 | 0.00 | 496.75 | 29.22 | 0.00 | 0.00 | 0.00 | 525.97
 | Sub-Total | 587.07 | 0.00 | 109.68 | 0.00 | 696.75 | 29.22 | 0.00 | 133.15 | 133.15 | 859.12
Central - Unallocated |  | 2835.45 | 0.00 | 197.59 | 0.00 | 3033.04 | 438.00 | 0.00 | 0.00 | 0.00 | 3471.04
 | State | 21120.00 | 900.00 | 2693.72 | 0.00 | 24713.72 | 0.00 | 5446.50 | 650.79 | 6097.29 | 30811.01
Total (Western | Private | 30817.17 | 500.00 | 3425.00 | 0.00 | 34742.17 | 0.00 | 481.00 | 71236.43 | 71717.43 | 106459.60
Region) | Central | 21680.13 | 0.00 | 3280.67 | 0.00 | 24960.80 | 3240.00 | 1768.04 | 2381.19 | 4149.23 | 32350.03
 | Grand Total | 73617.30 | 1400.00 | 9399.39 | 0.00 | 84416.69 | 3240.00 | 7695.54 | 74268.41 | 81963.95 | 169620.64


--- Page 4 ---
INSTALLED CAPACITY (IN MW) OF POWER UTILITIES IN THE STATES/UTS LOCATED IN
SOUTHERN REGION
INCLUDING ALLOCATED SHARES IN JOINT & CENTRAL SECTOR UTILITIES
(As on 30.09.2025)
Mode wise breakup
State Ownership/ Sector Thermal Nuclear Renewable Grand Total
Coal Lignite Gas Diesel Total Hydro RES*(MNRE) Total
State 6610.00 0.00 235.40 0.00 6845.40 0.00 1673.60 57.38 1730.98 8576.38
Andhra Pradesh Private 4573.88 0.00 1065.30 36.80 5675.98 0.00 1440.00 10337.44 11777.44 17453.43
Central 1546.95 180.23 0.00 0.00 1727.18 127.27 0.00 532.00 532.00 2386.45
Sub-Total 12730.83 180.23 1300.70 36.80 14248.56 127.27 3113.60 10926.82 14040.42 28416.25
State 7842.50 0.00 0.00 0.00 7842.50 0.00 2479.93 41.22 2521.15 10363.65
Telangana Private 1389.45 0.00 438.70 0.00 1828.15 0.00 0.00 5302.62 5302.62 7130.77
Central 3166.85 61.30 0.00 0.00 3228.15 148.73 0.00 110.00 110.00 3486.88
Sub-Total 12398.80 61.30 438.70 0.00 12898.80 148.73 2479.93 5453.84 7933.77 20981.30
State 5020.00 0.00 370.05 0.00 5390.05 0.00 3631.60 197.89 3829.49 9219.54
Karnataka Private 2050.00 0.00 0.00 25.20 2075.20 0.00 0.00 20972.63 20972.63 23047.83
Central 2877.80 471.90 0.00 0.00 3349.70 698.00 0.00 640.00 640.00 4687.70
Sub-Total 9947.80 471.90 370.05 25.20 10814.95 698.00 3631.60 21810.51 25442.11 36955.06
State 0.00 0.00 0.00 159.96 159.96 0.00 1964.15 217.90 2182.05 2342.01
Kerala Private 832.50 0.00 0.00 0.00 832.50 0.00 0.00 1964.44 1964.44 2796.94
Central 1443.31 314.20 359.58 0.00 2117.09 362.00 0.00 142.00 142.00 2621.09
Sub-Total 2275.81 314.20 359.58 159.96 3109.55 362.00 1964.15 2324.34 4288.49 7760.04
State 4320.00 0.00 524.08 0.00 4844.08 0.00 2178.20 122.70 2300.90 7144.98
Tamil Nadu Private 5490.17 250.00 330.50 211.70 6282.37 0.00 0.00 23956.70 23956.70 30239.07
Central 3025.32 1666.57 0.00 0.00 4691.89 1448.00 0.00 380.46 380.46 6520.35
Sub-Total 12835.49 1916.57 854.58 211.70 15818.34 1448.00 2178.20 24459.86 26638.06 43904.40
State 0.00 0.00 0.00 0.00 0.00 0.00 0.00 0.00 0.00 0.00
NLC Private 0.00 0.00 0.00 0.00 0.00 0.00 0.00 0.00 0.00 0.00
Central 0.00 166.00 0.00 0.00 166.00 0.00 0.00 0.00 0.00 166.00
Sub-Total 0.00 166.00 0.00 0.00 166.00 0.00 0.00 0.00 0.00 166.00
State 0.00 0.00 32.50 0.00 32.50 0.00 0.00 0.00 0.00 32.50
Puducherry Private 0.00 0.00 0.00 0.00 0.00 0.00 0.00 71.81 71.81 71.81
Central 140.80 111.80 0.00 0.00 252.60 86.00 0.00 0.00 0.00 338.60
Sub-Total 140.80 111.80 32.50 0.00 285.10 86.00 0.00 71.81 71.81 442.91
Central - Unallocated 1666.00 418.00 0.00 0.00 2084.00 450.00 0.00 0.00 0.00 2534.00
State 23792.50 0.00 1162.03 159.96 25114.49 0.00 11927.48 637.08 12564.56 37679.05
Total (Southern Private 14336.00 250.00 1834.50 273.70 16694.21 0.00 1440.00 62605.64 64045.64 80739.84
Region) Central 13867.03 3390.00 359.58 0.00 17616.61 3320.00 0.00 1804.46 1804.46 22741.08
Grand Total 51995.53 3640.00 3356.11 433.66 59425.31 3320.00 13367.48 65047.18 78414.66 141159.97

[TABLE - Page 4]
State | Ownership/ Sector | Mode wise breakup |  |  |  |  |  |  |  |  | Grand Total
 |  | Thermal |  |  |  |  | Nuclear | Renewable |  |  | 
 |  | Coal | Lignite | Gas | Diesel | Total |  | Hydro | RES*(MNRE) | Total | 
 | State | 6610.00 | 0.00 | 235.40 | 0.00 | 6845.40 | 0.00 | 1673.60 | 57.38 | 1730.98 | 8576.38
 | Private | 4573.88 | 0.00 | 1065.30 | 36.80 | 5675.98 | 0.00 | 1440.00 | 10337.44 | 11777.44 | 17453.43
Andhra Pradesh | Central | 1546.95 | 180.23 | 0.00 | 0.00 | 1727.18 | 127.27 | 0.00 | 532.00 | 532.00 | 2386.45
 | Sub-Total | 12730.83 | 180.23 | 1300.70 | 36.80 | 14248.56 | 127.27 | 3113.60 | 10926.82 | 14040.42 | 28416.25
 | State | 7842.50 | 0.00 | 0.00 | 0.00 | 7842.50 | 0.00 | 2479.93 | 41.22 | 2521.15 | 10363.65
 | Private | 1389.45 | 0.00 | 438.70 | 0.00 | 1828.15 | 0.00 | 0.00 | 5302.62 | 5302.62 | 7130.77
Telangana | Central | 3166.85 | 61.30 | 0.00 | 0.00 | 3228.15 | 148.73 | 0.00 | 110.00 | 110.00 | 3486.88
 | Sub-Total | 12398.80 | 61.30 | 438.70 | 0.00 | 12898.80 | 148.73 | 2479.93 | 5453.84 | 7933.77 | 20981.30
 | State | 5020.00 | 0.00 | 370.05 | 0.00 | 5390.05 | 0.00 | 3631.60 | 197.89 | 3829.49 | 9219.54
 | Private | 2050.00 | 0.00 | 0.00 | 25.20 | 2075.20 | 0.00 | 0.00 | 20972.63 | 20972.63 | 23047.83
Karnataka | Central | 2877.80 | 471.90 | 0.00 | 0.00 | 3349.70 | 698.00 | 0.00 | 640.00 | 640.00 | 4687.70
 | Sub-Total | 9947.80 | 471.90 | 370.05 | 25.20 | 10814.95 | 698.00 | 3631.60 | 21810.51 | 25442.11 | 36955.06
 | State | 0.00 | 0.00 | 0.00 | 159.96 | 159.96 | 0.00 | 1964.15 | 217.90 | 2182.05 | 2342.01
 | Private | 832.50 | 0.00 | 0.00 | 0.00 | 832.50 | 0.00 | 0.00 | 1964.44 | 1964.44 | 2796.94
Kerala | Central | 1443.31 | 314.20 | 359.58 | 0.00 | 2117.09 | 362.00 | 0.00 | 142.00 | 142.00 | 2621.09
 | Sub-Total | 2275.81 | 314.20 | 359.58 | 159.96 | 3109.55 | 362.00 | 1964.15 | 2324.34 | 4288.49 | 7760.04
 | State | 4320.00 | 0.00 | 524.08 | 0.00 | 4844.08 | 0.00 | 2178.20 | 122.70 | 2300.90 | 7144.98
 | Private | 5490.17 | 250.00 | 330.50 | 211.70 | 6282.37 | 0.00 | 0.00 | 23956.70 | 23956.70 | 30239.07
Tamil Nadu | Central | 3025.32 | 1666.57 | 0.00 | 0.00 | 4691.89 | 1448.00 | 0.00 | 380.46 | 380.46 | 6520.35
 | Sub-Total | 12835.49 | 1916.57 | 854.58 | 211.70 | 15818.34 | 1448.00 | 2178.20 | 24459.86 | 26638.06 | 43904.40
 | State | 0.00 | 0.00 | 0.00 | 0.00 | 0.00 | 0.00 | 0.00 | 0.00 | 0.00 | 0.00
 | Private | 0.00 | 0.00 | 0.00 | 0.00 | 0.00 | 0.00 | 0.00 | 0.00 | 0.00 | 0.00
NLC | Central | 0.00 | 166.00 | 0.00 | 0.00 | 166.00 | 0.00 | 0.00 | 0.00 | 0.00 | 166.00
 | Sub-Total | 0.00 | 166.00 | 0.00 | 0.00 | 166.00 | 0.00 | 0.00 | 0.00 | 0.00 | 166.00
 | State | 0.00 | 0.00 | 32.50 | 0.00 | 32.50 | 0.00 | 0.00 | 0.00 | 0.00 | 32.50
 | Private | 0.00 | 0.00 | 0.00 | 0.00 | 0.00 | 0.00 | 0.00 | 71.81 | 71.81 | 71.81
Puducherry | Central | 140.80 | 111.80 | 0.00 | 0.00 | 252.60 | 86.00 | 0.00 | 0.00 | 0.00 | 338.60
 | Sub-Total | 140.80 | 111.80 | 32.50 | 0.00 | 285.10 | 86.00 | 0.00 | 71.81 | 71.81 | 442.91
Central - Unallocated |  | 1666.00 | 418.00 | 0.00 | 0.00 | 2084.00 | 450.00 | 0.00 | 0.00 | 0.00 | 2534.00
 | State | 23792.50 | 0.00 | 1162.03 | 159.96 | 25114.49 | 0.00 | 11927.48 | 637.08 | 12564.56 | 37679.05
Total (Southern | Private | 14336.00 | 250.00 | 1834.50 | 273.70 | 16694.21 | 0.00 | 1440.00 | 62605.64 | 64045.64 | 80739.84
Region) | Central | 13867.03 | 3390.00 | 359.58 | 0.00 | 17616.61 | 3320.00 | 0.00 | 1804.46 | 1804.46 | 22741.08
 | Grand Total | 51995.53 | 3640.00 | 3356.11 | 433.66 | 59425.31 | 3320.00 | 13367.48 | 65047.18 | 78414.66 | 141159.97


--- Page 5 ---
INSTALLED CAPACITY (IN MW) OF POWER UTILITIES IN THE STATES/UTS LOCATED IN
EASTERN REGION
INCLUDING ALLOCATED SHARES IN JOINT & CENTRAL SECTOR UTILITIES
(As on 30.09.2025)
Mode wise breakup
State Ownership/ Sector Thermal Nuclear Renewable Grand Total
Coal Lignite Gas Diesel Total Hydro RES*(MNRE) Total
State 0.00 0.00 0.00 0.00 0.00 0.00 0.00 70.70 70.70 70.70
Bihar Private 700.00 0.00 0.00 0.00 700.00 0.00 0.00 551.36 551.36 1251.36
Central 6944.15 0.00 0.00 0.00 6944.15 0.00 72.88 0.00 72.88 7017.02
Sub-Total 7644.15 0.00 0.00 0.00 7644.15 0.00 72.88 622.06 694.94 8339.08
State 420.00 0.00 0.00 0.00 420.00 0.00 130.00 0.05 130.05 550.05
Jharkhand Private 580.00 0.00 0.00 0.00 580.00 0.00 0.00 245.23 245.23 825.23
Central 1807.62 0.00 0.00 0.00 1807.62 0.00 46.98 4.00 50.98 1858.60
Sub-Total 2807.62 0.00 0.00 0.00 2807.62 0.00 176.98 249.28 426.26 3233.88
State 4810.00 0.00 0.00 0.00 4810.00 0.00 986.00 121.95 1107.95 5917.95
West Bengal Private 2197.00 0.00 0.00 0.00 2197.00 0.00 0.00 624.93 624.93 2821.93
Central 1469.34 0.00 0.00 0.00 1469.34 0.00 497.30 24.10 521.40 1990.74
Sub-Total 8476.34 0.00 0.00 0.00 8476.34 0.00 1483.30 770.98 2254.28 10730.62
State 0.00 0.00 0.00 0.00 0.00 0.00 0.00 0.00 0.00 0.00
DVC Private 150.00 0.00 0.00 0.00 150.00 0.00 0.00 0.00 0.00 150.00
Central 2887.02 0.00 0.00 0.00 2887.02 0.00 221.26 0.00 221.26 3108.28
Sub-Total 3037.02 0.00 0.00 0.00 3037.02 0.00 221.26 0.00 221.26 3258.28
State 1740.00 0.00 0.00 0.00 1740.00 0.00 2074.22 26.30 2100.52 3840.52
Odisha Private 2096.00 0.00 0.00 0.00 2096.00 0.00 0.00 879.75 879.75 2975.75
Central 2066.87 0.00 0.00 0.00 2066.87 0.00 105.01 10.00 115.01 2181.88
Sub-Total 5902.87 0.00 0.00 0.00 5902.87 0.00 2179.23 916.05 3095.28 8998.15
State 0.00 0.00 0.00 0.00 0.00 0.00 360.00 55.11 415.11 415.11
Sikkim Private 0.00 0.00 0.00 0.00 0.00 0.00 209.00 7.56 216.56 216.56
Central 82.88 0.00 0.00 0.00 82.88 0.00 74.27 0.00 74.27 157.15
Sub-Total 82.88 0.00 0.00 0.00 82.88 0.00 643.27 62.67 705.94 788.82
Central - Unallocated 2034.33 0.00 0.00 0.00 2034.33 0.00 85.50 0.00 85.50 2119.83
State 6970.00 0.00 0.00 0.00 6970.00 0.00 3550.22 274.11 3824.33 10794.33
Total (Eastern Private 5723.00 0.00 0.00 0.00 5723.00 0.00 209.00 2308.83 2517.83 8240.83
Region) Central 17292.20 0.00 0.00 0.00 17292.20 0.00 1103.20 38.10 1141.30 18433.50
Grand Total 29985.20 0.00 0.00 0.00 29985.20 0.00 4862.42 2621.04 7483.46 37468.66

[TABLE - Page 5]
State | Ownership/ Sector | Mode wise breakup |  |  |  |  |  |  |  |  | Grand Total
 |  | Thermal |  |  |  |  | Nuclear | Renewable |  |  | 
 |  | Coal | Lignite | Gas | Diesel | Total |  | Hydro | RES*(MNRE) | Total | 
 | State | 0.00 | 0.00 | 0.00 | 0.00 | 0.00 | 0.00 | 0.00 | 70.70 | 70.70 | 70.70
 | Private | 700.00 | 0.00 | 0.00 | 0.00 | 700.00 | 0.00 | 0.00 | 551.36 | 551.36 | 1251.36
Bihar | Central | 6944.15 | 0.00 | 0.00 | 0.00 | 6944.15 | 0.00 | 72.88 | 0.00 | 72.88 | 7017.02
 | Sub-Total | 7644.15 | 0.00 | 0.00 | 0.00 | 7644.15 | 0.00 | 72.88 | 622.06 | 694.94 | 8339.08
 | State | 420.00 | 0.00 | 0.00 | 0.00 | 420.00 | 0.00 | 130.00 | 0.05 | 130.05 | 550.05
 | Private | 580.00 | 0.00 | 0.00 | 0.00 | 580.00 | 0.00 | 0.00 | 245.23 | 245.23 | 825.23
Jharkhand | Central | 1807.62 | 0.00 | 0.00 | 0.00 | 1807.62 | 0.00 | 46.98 | 4.00 | 50.98 | 1858.60
 | Sub-Total | 2807.62 | 0.00 | 0.00 | 0.00 | 2807.62 | 0.00 | 176.98 | 249.28 | 426.26 | 3233.88
 | State | 4810.00 | 0.00 | 0.00 | 0.00 | 4810.00 | 0.00 | 986.00 | 121.95 | 1107.95 | 5917.95
 | Private | 2197.00 | 0.00 | 0.00 | 0.00 | 2197.00 | 0.00 | 0.00 | 624.93 | 624.93 | 2821.93
West Bengal | Central | 1469.34 | 0.00 | 0.00 | 0.00 | 1469.34 | 0.00 | 497.30 | 24.10 | 521.40 | 1990.74
 | Sub-Total | 8476.34 | 0.00 | 0.00 | 0.00 | 8476.34 | 0.00 | 1483.30 | 770.98 | 2254.28 | 10730.62
 | State | 0.00 | 0.00 | 0.00 | 0.00 | 0.00 | 0.00 | 0.00 | 0.00 | 0.00 | 0.00
 | Private | 150.00 | 0.00 | 0.00 | 0.00 | 150.00 | 0.00 | 0.00 | 0.00 | 0.00 | 150.00
DVC | Central | 2887.02 | 0.00 | 0.00 | 0.00 | 2887.02 | 0.00 | 221.26 | 0.00 | 221.26 | 3108.28
 | Sub-Total | 3037.02 | 0.00 | 0.00 | 0.00 | 3037.02 | 0.00 | 221.26 | 0.00 | 221.26 | 3258.28
 | State | 1740.00 | 0.00 | 0.00 | 0.00 | 1740.00 | 0.00 | 2074.22 | 26.30 | 2100.52 | 3840.52
 | Private | 2096.00 | 0.00 | 0.00 | 0.00 | 2096.00 | 0.00 | 0.00 | 879.75 | 879.75 | 2975.75
Odisha | Central | 2066.87 | 0.00 | 0.00 | 0.00 | 2066.87 | 0.00 | 105.01 | 10.00 | 115.01 | 2181.88
 | Sub-Total | 5902.87 | 0.00 | 0.00 | 0.00 | 5902.87 | 0.00 | 2179.23 | 916.05 | 3095.28 | 8998.15
 | State | 0.00 | 0.00 | 0.00 | 0.00 | 0.00 | 0.00 | 360.00 | 55.11 | 415.11 | 415.11
 | Private | 0.00 | 0.00 | 0.00 | 0.00 | 0.00 | 0.00 | 209.00 | 7.56 | 216.56 | 216.56
Sikkim | Central | 82.88 | 0.00 | 0.00 | 0.00 | 82.88 | 0.00 | 74.27 | 0.00 | 74.27 | 157.15
 | Sub-Total | 82.88 | 0.00 | 0.00 | 0.00 | 82.88 | 0.00 | 643.27 | 62.67 | 705.94 | 788.82
Central - Unallocated |  | 2034.33 | 0.00 | 0.00 | 0.00 | 2034.33 | 0.00 | 85.50 | 0.00 | 85.50 | 2119.83
 | State | 6970.00 | 0.00 | 0.00 | 0.00 | 6970.00 | 0.00 | 3550.22 | 274.11 | 3824.33 | 10794.33
Total (Eastern | Private | 5723.00 | 0.00 | 0.00 | 0.00 | 5723.00 | 0.00 | 209.00 | 2308.83 | 2517.83 | 8240.83
Region) | Central | 17292.20 | 0.00 | 0.00 | 0.00 | 17292.20 | 0.00 | 1103.20 | 38.10 | 1141.30 | 18433.50
 | Grand Total | 29985.20 | 0.00 | 0.00 | 0.00 | 29985.20 | 0.00 | 4862.42 | 2621.04 | 7483.46 | 37468.66


--- Page 6 ---
INSTALLED CAPACITY (IN MW) OF POWER UTILITIES IN THE STATES/UTS LOCATED IN
NORTH-EASTERN REGION
INCLUDING ALLOCATED SHARES IN JOINT & CENTRAL SECTOR UTILITIES
(As on 30.09.2025)
Mode wise breakup
State Ownership/ Sector Thermal Nuclear Renewable Grand Total
Coal Lignite Gas Diesel Total Hydro RES*(MNRE) Total
State 0.00 0.00 306.36 0.00 306.36 0.00 100.00 5.01 105.01 411.37
Assam Private 0.00 0.00 0.00 0.00 0.00 0.00 0.00 303.57 303.57 303.57
Central 874.52 0.00 435.56 0.00 1310.08 0.00 422.08 27.75 449.83 1759.91
Sub-Total 874.52 0.00 741.92 0.00 1616.44 0.00 522.08 336.32 858.40 2474.84
State 0.00 0.00 0.00 0.00 0.00 0.00 0.00 116.61 116.61 116.61
Arunachal Pradesh Private 0.00 0.00 0.00 0.00 0.00 0.00 0.00 39.41 39.41 39.41
Central 37.05 0.00 46.82 0.00 83.87 0.00 544.55 0.00 544.55 628.42
Sub-Total 37.05 0.00 46.82 0.00 83.87 0.00 544.55 156.02 700.57 784.44
State 0.00 0.00 0.00 0.00 0.00 0.00 322.00 55.03 377.03 377.03
Meghalaya Private 0.00 0.00 0.00 0.00 0.00 0.00 0.00 18.08 18.08 18.08
Central 51.60 0.00 109.69 0.00 161.29 0.00 95.38 0.00 95.38 256.67
Sub-Total 51.60 0.00 109.69 0.00 161.29 0.00 417.38 73.11 490.49 651.78
State 0.00 0.00 105.00 0.00 105.00 0.00 0.00 16.01 16.01 121.01
Tripura Private 0.00 0.00 0.00 0.00 0.00 0.00 0.00 27.80 27.80 27.80
Central 56.00 0.00 381.94 0.00 437.94 0.00 68.49 5.25 73.74 511.68
Sub-Total 56.00 0.00 486.94 0.00 542.94 0.00 68.49 49.06 117.55 660.49
State 0.00 0.00 0.00 36.00 36.00 0.00 0.00 5.45 5.45 41.45
Manipur Private 0.00 0.00 0.00 0.00 0.00 0.00 0.00 17.52 17.52 17.52
Central 47.10 0.00 81.58 0.00 128.68 0.00 87.24 0.00 87.24 215.92
Sub-Total 47.10 0.00 81.58 36.00 164.68 0.00 87.24 22.97 110.21 274.89
State 0.00 0.00 0.00 0.00 0.00 0.00 0.00 32.67 32.67 32.67
Nagaland Private 0.00 0.00 0.00 0.00 0.00 0.00 0.00 3.17 3.17 3.17
Central 32.10 0.00 73.93 0.00 106.03 0.00 66.33 0.00 66.33 172.36
Sub-Total 32.10 0.00 73.93 0.00 106.03 0.00 66.33 35.84 102.17 208.20
State 0.00 0.00 0.00 0.00 0.00 0.00 0.00 45.47 45.47 45.47
Mizoram Private 0.00 0.00 0.00 0.00 0.00 0.00 0.00 31.69 31.69 31.69
Central 31.05 0.00 60.46 0.00 91.51 0.00 97.94 0.00 97.94 189.45
Sub-Total 31.05 0.00 60.46 0.00 91.51 0.00 97.94 77.16 175.10 266.61
Central - Unallocated 112.60 0.00 63.62 0.00 176.22 0.00 140.00 0.00 140.00 316.22
State 0.00 0.00 411.36 36.00 447.36 0.00 422.00 276.25 698.25 1145.61
Total (North- Eastern Private 0.00 0.00 0.00 0.00 0.00 0.00 0.00 441.24 441.24 441.24
Region) Central 1242.02 0.00 1253.60 0.00 2495.62 0.00 1522.01 32.99 1555.00 4050.62
Grand Total 1242.02 0.00 1664.96 36.00 2942.98 0.00 1944.01 750.48 2694.49 5637.47

[TABLE - Page 6]
State | Ownership/ Sector | Mode wise breakup |  |  |  |  |  |  |  |  | Grand Total
 |  | Thermal |  |  |  |  | Nuclear | Renewable |  |  | 
 |  | Coal | Lignite | Gas | Diesel | Total |  | Hydro | RES*(MNRE) | Total | 
 | State | 0.00 | 0.00 | 306.36 | 0.00 | 306.36 | 0.00 | 100.00 | 5.01 | 105.01 | 411.37
 | Private | 0.00 | 0.00 | 0.00 | 0.00 | 0.00 | 0.00 | 0.00 | 303.57 | 303.57 | 303.57
Assam | Central | 874.52 | 0.00 | 435.56 | 0.00 | 1310.08 | 0.00 | 422.08 | 27.75 | 449.83 | 1759.91
 | Sub-Total | 874.52 | 0.00 | 741.92 | 0.00 | 1616.44 | 0.00 | 522.08 | 336.32 | 858.40 | 2474.84
 | State | 0.00 | 0.00 | 0.00 | 0.00 | 0.00 | 0.00 | 0.00 | 116.61 | 116.61 | 116.61
 | Private | 0.00 | 0.00 | 0.00 | 0.00 | 0.00 | 0.00 | 0.00 | 39.41 | 39.41 | 39.41
Arunachal Pradesh | Central | 37.05 | 0.00 | 46.82 | 0.00 | 83.87 | 0.00 | 544.55 | 0.00 | 544.55 | 628.42
 | Sub-Total | 37.05 | 0.00 | 46.82 | 0.00 | 83.87 | 0.00 | 544.55 | 156.02 | 700.57 | 784.44
 | State | 0.00 | 0.00 | 0.00 | 0.00 | 0.00 | 0.00 | 322.00 | 55.03 | 377.03 | 377.03
 | Private | 0.00 | 0.00 | 0.00 | 0.00 | 0.00 | 0.00 | 0.00 | 18.08 | 18.08 | 18.08
Meghalaya | Central | 51.60 | 0.00 | 109.69 | 0.00 | 161.29 | 0.00 | 95.38 | 0.00 | 95.38 | 256.67
 | Sub-Total | 51.60 | 0.00 | 109.69 | 0.00 | 161.29 | 0.00 | 417.38 | 73.11 | 490.49 | 651.78
 | State | 0.00 | 0.00 | 105.00 | 0.00 | 105.00 | 0.00 | 0.00 | 16.01 | 16.01 | 121.01
 | Private | 0.00 | 0.00 | 0.00 | 0.00 | 0.00 | 0.00 | 0.00 | 27.80 | 27.80 | 27.80
Tripura | Central | 56.00 | 0.00 | 381.94 | 0.00 | 437.94 | 0.00 | 68.49 | 5.25 | 73.74 | 511.68
 | Sub-Total | 56.00 | 0.00 | 486.94 | 0.00 | 542.94 | 0.00 | 68.49 | 49.06 | 117.55 | 660.49
 | State | 0.00 | 0.00 | 0.00 | 36.00 | 36.00 | 0.00 | 0.00 | 5.45 | 5.45 | 41.45
 | Private | 0.00 | 0.00 | 0.00 | 0.00 | 0.00 | 0.00 | 0.00 | 17.52 | 17.52 | 17.52
Manipur | Central | 47.10 | 0.00 | 81.58 | 0.00 | 128.68 | 0.00 | 87.24 | 0.00 | 87.24 | 215.92
 | Sub-Total | 47.10 | 0.00 | 81.58 | 36.00 | 164.68 | 0.00 | 87.24 | 22.97 | 110.21 | 274.89
 | State | 0.00 | 0.00 | 0.00 | 0.00 | 0.00 | 0.00 | 0.00 | 32.67 | 32.67 | 32.67
 | Private | 0.00 | 0.00 | 0.00 | 0.00 | 0.00 | 0.00 | 0.00 | 3.17 | 3.17 | 3.17
Nagaland | Central | 32.10 | 0.00 | 73.93 | 0.00 | 106.03 | 0.00 | 66.33 | 0.00 | 66.33 | 172.36
 | Sub-Total | 32.10 | 0.00 | 73.93 | 0.00 | 106.03 | 0.00 | 66.33 | 35.84 | 102.17 | 208.20
 | State | 0.00 | 0.00 | 0.00 | 0.00 | 0.00 | 0.00 | 0.00 | 45.47 | 45.47 | 45.47
 | Private | 0.00 | 0.00 | 0.00 | 0.00 | 0.00 | 0.00 | 0.00 | 31.69 | 31.69 | 31.69
Mizoram | Central | 31.05 | 0.00 | 60.46 | 0.00 | 91.51 | 0.00 | 97.94 | 0.00 | 97.94 | 189.45
 | Sub-Total | 31.05 | 0.00 | 60.46 | 0.00 | 91.51 | 0.00 | 97.94 | 77.16 | 175.10 | 266.61
Central - Unallocated |  | 112.60 | 0.00 | 63.62 | 0.00 | 176.22 | 0.00 | 140.00 | 0.00 | 140.00 | 316.22
 | State | 0.00 | 0.00 | 411.36 | 36.00 | 447.36 | 0.00 | 422.00 | 276.25 | 698.25 | 1145.61
Total (North- Eastern | Private | 0.00 | 0.00 | 0.00 | 0.00 | 0.00 | 0.00 | 0.00 | 441.24 | 441.24 | 441.24
Region) | Central | 1242.02 | 0.00 | 1253.60 | 0.00 | 2495.62 | 0.00 | 1522.01 | 32.99 | 1555.00 | 4050.62
 | Grand Total | 1242.02 | 0.00 | 1664.96 | 36.00 | 2942.98 | 0.00 | 1944.01 | 750.48 | 2694.49 | 5637.47


--- Page 7 ---
INSTALLED CAPACITY (IN MW) OF POWER UTILITIES IN THE STATES/UTS LOCATED IN
ISLANDS
INCLUDING ALLOCATED SHARES IN JOINT & CENTRAL SECTOR UTILITIES
(As on 30.09.2025)
Mode wise breakup
State Ownership/ Sector Thermal Nuclear Renewable Grand Total
Coal Lignite Gas Diesel Total Hydro RES*(MNRE) Total
State 0.00 0.00 0.00 57.52 57.52 0.00 0.00 5.25 5.25 62.77
Andaman & Nicobar Private 0.00 0.00 0.00 35.19 35.19 0.00 0.00 26.32 26.32 61.51
Central 0.00 0.00 0.00 0.00 0.00 0.00 0.00 5.00 5.00 5.00
Sub-Total 0.00 0.00 0.00 92.71 92.71 0.00 0.00 36.57 36.57 129.28
State 0.00 0.00 0.00 26.83 26.83 0.00 0.00 0.00 0.00 26.83
Lakshadweep Private 0.00 0.00 0.00 0.00 0.00 0.00 0.00 6.57 6.57 6.57
Central 0.00 0.00 0.00 0.00 0.00 0.00 0.00 0.00 0.00 0.00
Sub-Total 0.00 0.00 0.00 26.83 26.83 0.00 0.00 6.57 6.57 33.40
State 0.00 0.00 0.00 84.35 84.35 0.00 0.00 5.25 5.25 89.60
Total (Islands) Private 0.00 0.00 0.00 35.19 35.19 0.00 0.00 32.89 32.89 68.08
Central 0.00 0.00 0.00 0.00 0.00 0.00 0.00 5.00 5.00 5.00
Grand Total 0.00 0.00 0.00 119.54 119.54 0.00 0.00 43.14 43.14 162.68
List of Projects which declared CoD during FY 2025-26:
1. NHPC's Parbati-II HPS Unit-4 (200MW) has been added w.e.f. 13.04.2025.
2. NPCIL's RAPS Unit -7 (700 MW) has been added w.e.f. 15.04.2025.
3. JSW Energy (Utkal) Limited's Unit-1 (350 MW) has been aded w.e.f. 01.04.2025.
4. NTPC's NORTH KARANPURA STPP Unit-3 (660 MW) has been added w.e.f. 14.04.2025.
5. NTPC's Barh I Unit-3 (660 MW) has been added w.e.f. 05.06.2025.
6. UPRVUNL's Obra C Unit-2 (660 MW) has been added w.e.f. 16.06.2025.
7. THDC's Tehri PSP Unit-1 (250 MW) has been added w.e.f. 05.06.2025.
8. Greenko's PINNAPURAM HPS unit 1-4 & 5 (5*240 MW) have been added w.e.f. 04.06.2025, 27.05.2025, 30.05.2025, 24.06.2025 and 27.06.2025 respectively.
9. Meenakshi Energy Ltd'sTHAMMINAPATNAM TPS Unit-3 (350 MW) has been added w.e.f. 05.07.2025.
10. Vedanta Ltd's Vedanta Ltd Chhattisgarh TPP Unit-1 (600 MW) has been added w.e.f. 19.07.2025.
11. THDC's Tehri PSP Unit-2 (250 MW) has been added w.e.f. 05.07.2025.
12. TSGENCO's Yadadri TPS unit 1 (800 MW) has been added w.e.f. 12.07.2025.
13. Meenakshi Energy Ltd's Meenakshi Energy Ltd, Ph-II, Unit-4 (350 MW) has been added w.e.f. 26.08.2025.
14. JSW Energy Ltd's Kutehr Hydroelectric Project Unit-1 (80 MW), Unit-2 (80) and Unit-3 (80) has been added w.e.f. 05.08.2025, 31.07.2025 and 08.08.2025 respectively.
15. Greenko's Pinnapuram unit 7 (120 MW) and Unit 8 (120MW) has been added w.e.f. 14.08.2025 (both).
16. THDC's KHURJA STPP, Unit-2 (660 MW) has been added w.e.f. 22.09.2025

[TABLE - Page 7]
State | Ownership/ Sector | Mode wise breakup |  |  |  |  |  |  |  |  | Grand Total
 |  | Thermal |  |  |  |  | Nuclear | Renewable |  |  | 
 |  | Coal | Lignite | Gas | Diesel | Total |  | Hydro | RES*(MNRE) | Total | 
 | State | 0.00 | 0.00 | 0.00 | 57.52 | 57.52 | 0.00 | 0.00 | 5.25 | 5.25 | 62.77
 | Private | 0.00 | 0.00 | 0.00 | 35.19 | 35.19 | 0.00 | 0.00 | 26.32 | 26.32 | 61.51
Andaman & Nicobar | Central | 0.00 | 0.00 | 0.00 | 0.00 | 0.00 | 0.00 | 0.00 | 5.00 | 5.00 | 5.00
 | Sub-Total | 0.00 | 0.00 | 0.00 | 92.71 | 92.71 | 0.00 | 0.00 | 36.57 | 36.57 | 129.28
 | State | 0.00 | 0.00 | 0.00 | 26.83 | 26.83 | 0.00 | 0.00 | 0.00 | 0.00 | 26.83
 | Private | 0.00 | 0.00 | 0.00 | 0.00 | 0.00 | 0.00 | 0.00 | 6.57 | 6.57 | 6.57
Lakshadweep | Central | 0.00 | 0.00 | 0.00 | 0.00 | 0.00 | 0.00 | 0.00 | 0.00 | 0.00 | 0.00
 | Sub-Total | 0.00 | 0.00 | 0.00 | 26.83 | 26.83 | 0.00 | 0.00 | 6.57 | 6.57 | 33.40
 | State | 0.00 | 0.00 | 0.00 | 84.35 | 84.35 | 0.00 | 0.00 | 5.25 | 5.25 | 89.60
 | Private | 0.00 | 0.00 | 0.00 | 35.19 | 35.19 | 0.00 | 0.00 | 32.89 | 32.89 | 68.08
Total (Islands) | Central | 0.00 | 0.00 | 0.00 | 0.00 | 0.00 | 0.00 | 0.00 | 5.00 | 5.00 | 5.00
 | Grand Total | 0.00 | 0.00 | 0.00 | 119.54 | 119.54 | 0.00 | 0.00 | 43.14 | 43.14 | 162.68
